6 15 11  4 15 10  8 13 10  4 11  8  8 11  8 14 11
18 20  8  0 18  2 19  8 20 14  1  4  4  4 18 12  2
 4 19 12  8  5 13 14 17 19 20  5 20  7 18  8 13  7
11 12  6 11  3  8 22  8 11  6 13 10  0 13  8  0  4
19  0 17  4  1  7  4 18  5  4 13 19  8 17 14  2 20
14  0  7 13 18  0  4 12  8 19  4 12 18 19 18  3 13
11 11  8 20 14 14 12  0 18  5  4 17  6 13  0  0 11
 7  6 12 11  8  8  4 19 11 13 14 10 19 14 18  6  8
19  8 12  4 19 12 14 18 19  7  4 18 21  4  7 17 11
 2  8 17  4  4  6  4 13 23  8  8 13 11  4 15 19 18
 7  4  4  1  0 13 17 19  4 13 21  4  4 19 19  6 19
10  5 17 24 18  6 14  2 14 14  8 13 19 17 20  5 22
 1 15 19  6  4  0  7  4  8 18 19  7  8 11 17 19  0
19 13 19  8 22  5  7  0 19  7 19 14 17 18  8  4  8
 4 13  1 22  1  8  4 17  8 14  8  4  3 11 11 17  8
 3 19  4  0  0 17  0 13  3 11 15  0 13  2  8 11  7
 3 11 11 21 22  0 11  4  4  8  8  7  4  8 10 11  1
 4  8 11  4 18 12  0 21 12  8  2 14  4 18 24 22 11
12 12 24  6 24 19 14 20  8 13 13 14 11  4 21  0  4
 8 17 14 20 11  0 20 22 18 11  4  2  1 24  4 19 24
17 15 22 14 18 11 13 14 22 19 14 18 19 14  3 14 12
14  0  8 11  5 11 13  6  4 18  2 14 24 19  2 11 21
17  4  5 17 11 14 19  4 12  8 18  5  4  0 24  5  4
 7 19 12  8  7 17  4 19  4 15  4 14  1  4 19  8  8