-1.707870 -0.199978 -0.183494 -1.785916 
-0.838401 -0.566340 -0.018108 -4.020440 

-1.713180 -0.198807 -0.183756 -1.784617 
-0.840357 -0.564854 -0.018184 -4.016314 

-1.705631 -0.200475 -0.183372 -1.786522 
-0.837556 -0.566985 -0.018052 -4.023492 

-10.348502 -0.000032 -0.571376 -0.831829 
-1.818002 -0.177155 -0.202453 -1.696765 

-1.726477 -0.195906 -0.184441 -1.781228 
-0.845260 -0.561147 -0.018427 -4.003117 

-1.721066 -0.197080 -0.184157 -1.782635 
-0.843264 -0.562652 -0.018316 -4.009128 

-0.189927 -1.754578 -4.608059 -0.010021 
-0.130462 -2.101192 -0.378303 -1.155255 

-4.014107 -0.018224 -0.564072 -0.841387 
-1.783928 -0.183895 -0.198192 -1.715979 

-0.612070 -0.781383 -2.341541 -0.101124 
-0.053156 -2.960987 -1.401872 -0.282543 

-1.655586 -0.211932 -0.181148 -1.797645 
-0.818429 -0.581828 -0.017388 -4.060664 

-1.705631 -0.200475 -0.183372 -1.786522 
-0.837556 -0.566985 -0.018052 -4.023492 

-10.766220 -3.403946 -3.007699 -2.820850 -6.368460 -3.210945 -3.523314 -2.355932 -11.461334 -5.248145 -4.306820 -2.545571 -3.019767 -2.060378 -11.057818 -3.528232 -6.903507 -2.139371 -2.361151 -2.338791 -4.942071 -4.192072 -3.345597 -5.740061 -4.088071 -6.374546 
-1.631520 -11.484167 -5.995468 -4.149349 -1.287543 -11.124862 -4.572012 -11.146292 -1.846242 -7.877803 -5.553931 -9.033458 -7.164393 -12.382619 -1.771836 -5.433120 -11.814309 -12.002095 -3.613915 -2.618880 -3.101967 -12.797345 -9.835320 -12.695597 -4.047709 -9.378221 
