0.356875 0.004212 0.006360 0.003172 0.004357 0.010596 0.004181 0.006752 0.003355 0.003401 0.003293 0.005027 0.019545 0.005138 0.003394 0.005001 0.003257 0.026185 0.004028 0.006106 0.009320 0.003663 0.003127 0.003890 0.004931 0.003584 0.003670 0.003607 0.003395 0.003315 0.004767 0.007055 0.003892 0.009299 0.004420 0.003180 0.003365 0.003560 0.217882 0.004110 0.003248 0.003751 0.051726 0.005586 0.006104 0.108792 0.003335 0.003205 0.003165 0.003157 0.003002 0.003248 0.010188 0.003226 
0.009994 0.012922 0.007518 0.046027 0.007340 0.007864 0.008762 0.007863 0.009944 0.009942 0.009929 0.007412 0.009461 0.007763 0.486957 0.007517 0.008431 0.007952 0.007664 0.011203 0.008246 0.008040 0.008683 0.007892 0.010217 0.014628 0.007725 0.009016 0.007721 0.007869 0.007347 0.008197 0.010783 0.008770 0.010362 0.008113 0.007556 0.007559 0.007557 0.008270 0.009743 0.007585 0.007457 0.008550 0.009477 0.008632 0.009253 0.014957 0.007319 0.009134 0.007831 0.011041 0.014751 0.007253 
0.006504 0.006174 0.005785 0.009005 0.005176 0.006212 0.006722 0.009687 0.008657 0.009054 0.006824 0.006022 0.007221 0.042347 0.009368 0.005343 0.495095 0.005562 0.005357 0.008742 0.006109 0.008016 0.009203 0.031336 0.005343 0.025390 0.006205 0.006801 0.008143 0.008135 0.006157 0.005569 0.006292 0.006079 0.016133 0.006902 0.007839 0.005348 0.005355 0.006974 0.012663 0.005402 0.005455 0.005769 0.007237 0.005954 0.008087 0.011451 0.005400 0.024276 0.005708 0.006480 0.038801 0.005130 
0.009723 0.009609 0.006818 0.074197 0.005693 0.007245 0.013903 0.008135 0.061577 0.183708 0.007272 0.006225 0.007083 0.007046 0.009875 0.006140 0.006800 0.005994 0.006239 0.043029 0.044769 0.013581 0.010674 0.007457 0.005703 0.024835 0.006063 0.006364 0.007215 0.007233 0.046488 0.006350 0.008903 0.007374 0.017578 0.007097 0.008168 0.005766 0.006346 0.011788 0.006314 0.107098 0.008491 0.007270 0.006542 0.005806 0.007398 0.014271 0.006498 0.051570 0.006748 0.007461 0.011957 0.006514 
0.004199 0.002421 0.002903 0.002111 0.146574 0.002902 0.002369 0.004363 0.002232 0.002391 0.002216 0.091002 0.002724 0.120862 0.002063 0.143587 0.001979 0.032560 0.002360 0.002809 0.082429 0.002306 0.002129 0.002056 0.002741 0.002290 0.002671 0.002463 0.002269 0.002192 0.004068 0.002800 0.002092 0.068491 0.002710 0.002204 0.002406 0.019587 0.002997 0.001993 0.002064 0.003550 0.041096 0.127802 0.002884 0.002296 0.011593 0.003278 0.001941 0.002086 0.001875 0.002179 0.007922 0.001917 
0.007636 0.007423 0.006615 0.009133 0.006360 0.006580 0.008559 0.006925 0.007891 0.010211 0.108817 0.006984 0.008756 0.008667 0.035407 0.006526 0.007718 0.006611 0.008271 0.017009 0.006822 0.007901 0.007426 0.015788 0.006551 0.024054 0.006706 0.305249 0.008140 0.008179 0.007067 0.006715 0.007835 0.017281 0.051936 0.007600 0.009795 0.006572 0.006780 0.013457 0.008153 0.011727 0.006372 0.010070 0.007092 0.006845 0.012480 0.010266 0.060349 0.011786 0.006729 0.007047 0.010458 0.006676 
0.011831 0.098521 0.006403 0.007204 0.006662 0.007351 0.007235 0.007329 0.008384 0.476265 0.024255 0.006387 0.014670 0.008556 0.007513 0.006329 0.006660 0.006208 0.006454 0.009372 0.007138 0.007139 0.007279 0.006924 0.006180 0.011793 0.006454 0.006635 0.007424 0.006831 0.007698 0.006360 0.006373 0.006976 0.008697 0.006724 0.007266 0.006255 0.008547 0.007837 0.007379 0.006974 0.006437 0.008974 0.006849 0.006298 0.006972 0.011129 0.006186 0.007802 0.006529 0.025135 0.007176 0.006041 
0.004779 0.004803 0.004310 0.006005 0.004127 0.005761 0.005473 0.009815 0.004947 0.008228 0.005398 0.004651 0.004465 0.005727 0.024097 0.005207 0.004604 0.004355 0.004166 0.004869 0.011556 0.004785 0.004650 0.005482 0.006023 0.006362 0.313347 0.004562 0.004848 0.005397 0.004551 0.004270 0.007241 0.004328 0.004771 0.004554 0.050735 0.280224 0.004207 0.004739 0.005327 0.004930 0.004187 0.007917 0.005067 0.004854 0.004473 0.005274 0.004104 0.072594 0.004359 0.004657 0.005726 0.004110 
0.021745 0.003779 0.287335 0.002999 0.003861 0.248640 0.003166 0.133623 0.003264 0.003053 0.002931 0.005081 0.003888 0.003471 0.002968 0.003328 0.002815 0.007802 0.004110 0.003282 0.051973 0.003079 0.002784 0.003278 0.004032 0.003148 0.002954 0.003124 0.003133 0.002894 0.002987 0.004854 0.003068 0.006033 0.014094 0.003189 0.003080 0.003214 0.004685 0.003138 0.002999 0.003430 0.028744 0.004021 0.003338 0.004487 0.003066 0.003436 0.002921 0.003059 0.002736 0.003000 0.052092 0.002792 
0.027298 0.019003 0.017450 0.017671 0.017291 0.017635 0.018907 0.017603 0.018654 0.019541 0.018566 0.017452 0.017966 0.017712 0.022960 0.017424 0.017659 0.017847 0.017334 0.017642 0.017864 0.018213 0.017755 0.017707 0.017611 0.019720 0.017426 0.020390 0.018896 0.017962 0.017299 0.019294 0.017775 0.017921 0.026497 0.017731 0.017373 0.017596 0.017570 0.017782 0.017483 0.017488 0.017310 0.017940 0.018404 0.022541 0.018014 0.019383 0.017311 0.018060 0.017450 0.018088 0.019276 0.017256 
0.018491 0.029097 0.011235 0.291346 0.010969 0.012021 0.016859 0.011869 0.024452 0.013577 0.011851 0.010926 0.011375 0.011575 0.012062 0.011331 0.011200 0.011346 0.010951 0.012861 0.016712 0.012081 0.011106 0.011699 0.011012 0.014713 0.013270 0.011421 0.011010 0.014190 0.013573 0.011083 0.011338 0.013678 0.027493 0.011418 0.014360 0.010904 0.010963 0.011823 0.011464 0.011211 0.011989 0.013934 0.011248 0.010983 0.011884 0.028416 0.011419 0.012024 0.011641 0.011999 0.011843 0.010707 
0.003340 0.332250 0.003058 0.003197 0.003001 0.003218 0.283716 0.003246 0.003368 0.004041 0.003740 0.003427 0.003259 0.003540 0.003742 0.003074 0.003198 0.003290 0.003316 0.017568 0.003634 0.003531 0.003857 0.004487 0.003013 0.007075 0.003139 0.003384 0.003407 0.003406 0.003513 0.003271 0.003500 0.003101 0.003399 0.004305 0.003655 0.003073 0.003056 0.003839 0.003262 0.011642 0.003274 0.003853 0.003085 0.003121 0.003723 0.004250 0.003375 0.004137 0.003162 0.182332 0.003453 0.003096 
0.007045 0.007105 0.005465 0.015839 0.005378 0.005736 0.007901 0.005780 0.009681 0.006840 0.009687 0.005947 0.005939 0.005805 0.009094 0.005513 0.005871 0.005454 0.008662 0.006409 0.008569 0.007547 0.006184 0.006531 0.006036 0.622549 0.005673 0.007504 0.007047 0.006782 0.011225 0.005553 0.006631 0.006025 0.010559 0.007371 0.005980 0.005949 0.005479 0.007643 0.007281 0.007270 0.005467 0.006921 0.006416 0.005763 0.007516 0.011911 0.006049 0.006814 0.006266 0.007314 0.007030 0.005992 
0.003755 0.006287 0.003173 0.005146 0.003128 0.004247 0.007678 0.003934 0.150179 0.004034 0.003810 0.004662 0.003251 0.004341 0.004320 0.003365 0.004673 0.003088 0.005231 0.081657 0.003603 0.007478 0.005494 0.006881 0.003162 0.011662 0.003105 0.007047 0.165364 0.004250 0.004716 0.003198 0.049525 0.003198 0.038081 0.166342 0.011484 0.003143 0.003213 0.090024 0.007242 0.003616 0.003146 0.003458 0.003218 0.003300 0.004436 0.035723 0.011822 0.008148 0.003846 0.003971 0.003798 0.003349 
0.006208 0.003555 0.003816 0.002804 0.003282 0.004388 0.003058 0.005317 0.003304 0.002947 0.002989 0.004510 0.209882 0.003834 0.003012 0.003372 0.002839 0.194118 0.003712 0.003685 0.005497 0.003187 0.003288 0.003035 0.127256 0.003164 0.003443 0.016042 0.002970 0.002871 0.004298 0.206578 0.003348 0.003396 0.008873 0.002983 0.003164 0.003838 0.013337 0.002869 0.003003 0.003034 0.003901 0.004275 0.004983 0.058489 0.003002 0.002978 0.002924 0.003002 0.002760 0.002893 0.005169 0.005517 
0.010216 0.009927 0.008958 0.010352 0.008439 0.009339 0.011262 0.010360 0.009710 0.009904 0.335397 0.009520 0.010555 0.011801 0.040716 0.008988 0.008994 0.021238 0.009433 0.033160 0.010727 0.011134 0.009986 0.010429 0.009636 0.020298 0.009307 0.013901 0.009465 0.010134 0.009875 0.009265 0.009185 0.050764 0.012136 0.011667 0.009868 0.008922 0.009259 0.010920 0.011130 0.011518 0.008738 0.019082 0.010561 0.008980 0.011459 0.013380 0.008721 0.011637 0.009449 0.010628 0.010488 0.009083 
0.026896 0.019631 0.018534 0.018141 0.018209 0.018189 0.018151 0.018553 0.018160 0.018181 0.018167 0.018115 0.018280 0.018261 0.018212 0.018128 0.018177 0.018216 0.018215 0.018238 0.018231 0.018349 0.018120 0.018145 0.018164 0.018196 0.018164 0.018135 0.018502 0.018221 0.018189 0.018773 0.018095 0.018228 0.022439 0.018176 0.018149 0.018247 0.018142 0.018586 0.018225 0.018410 0.018420 0.018159 0.018236 0.018475 0.018186 0.018111 0.018108 0.019130 0.018079 0.018136 0.018201 0.018220 
0.004313 0.005138 0.003605 0.021193 0.003577 0.004450 0.005397 0.004924 0.005766 0.005922 0.006236 0.025027 0.004957 0.004152 0.008357 0.003613 0.004589 0.003666 0.005044 0.020936 0.004632 0.006245 0.059265 0.121162 0.003634 0.040052 0.003850 0.005761 0.005515 0.004599 0.003923 0.003707 0.166948 0.003685 0.005337 0.005395 0.007346 0.004201 0.003654 0.011428 0.005789 0.004298 0.003585 0.006841 0.003727 0.003876 0.204764 0.092097 0.024241 0.005534 0.004441 0.005307 0.010027 0.004272 
0.008833 0.007997 0.005062 0.006677 0.004365 0.010223 0.062794 0.102733 0.013202 0.009099 0.005691 0.006179 0.005370 0.007169 0.009475 0.005867 0.005634 0.004592 0.004957 0.065234 0.007685 0.195098 0.157765 0.013871 0.004785 0.035973 0.006193 0.005752 0.009745 0.008377 0.026707 0.005171 0.005959 0.005781 0.019556 0.008049 0.005885 0.005204 0.004386 0.010904 0.006867 0.007614 0.004702 0.006844 0.006594 0.005734 0.006827 0.007006 0.009377 0.007695 0.004919 0.010216 0.014692 0.006914 
0.003654 0.004041 0.004399 0.005217 0.002883 0.003215 0.004598 0.012627 0.004066 0.005564 0.004161 0.003759 0.004596 0.004539 0.004136 0.003612 0.003381 0.003725 0.003031 0.005762 0.004756 0.094451 0.004326 0.008733 0.003064 0.008154 0.003804 0.003321 0.003573 0.232074 0.003729 0.003256 0.003104 0.003697 0.021414 0.004008 0.192156 0.002932 0.003151 0.003925 0.049224 0.004949 0.003295 0.004824 0.199786 0.003130 0.003989 0.004618 0.006065 0.007614 0.003303 0.003417 0.004063 0.003130 
0.007678 0.016869 0.007377 0.007098 0.006149 0.010093 0.006397 0.007981 0.005977 0.006424 0.007850 0.006828 0.007040 0.012047 0.006336 0.006466 0.006190 0.006673 0.557045 0.007381 0.008200 0.006475 0.005934 0.006445 0.007719 0.006448 0.006352 0.008277 0.006123 0.006019 0.006764 0.008220 0.016179 0.007174 0.008334 0.006194 0.008296 0.006113 0.007088 0.006246 0.007665 0.006362 0.006870 0.007344 0.006308 0.007491 0.007049 0.006567 0.055731 0.006376 0.005912 0.006583 0.009177 0.006067 
0.010458 0.009953 0.008240 0.016337 0.008188 0.008487 0.012608 0.008325 0.008828 0.009957 0.009225 0.008876 0.008433 0.008733 0.014680 0.008237 0.009226 0.008213 0.008348 0.009122 0.008472 0.010527 0.008477 0.008455 0.008266 0.019362 0.008423 0.008452 0.008412 0.010072 0.008261 0.008278 0.011297 0.008417 0.015674 0.009095 0.008522 0.008345 0.008227 0.009998 0.010777 0.014340 0.008191 0.008796 0.008266 0.008267 0.009637 0.011411 0.008430 0.020929 0.476337 0.008478 0.008445 0.008191 
0.008864 0.008540 0.008494 0.021409 0.007321 0.007885 0.009750 0.012544 0.009036 0.009873 0.044254 0.007686 0.008879 0.007832 0.012288 0.007576 0.008252 0.007398 0.008365 0.010953 0.009432 0.010693 0.007934 0.008427 0.007694 0.011884 0.008907 0.012828 0.008309 0.008299 0.007413 0.007394 0.009235 0.008142 0.009985 0.008637 0.009623 0.007833 0.007487 0.011973 0.479075 0.007968 0.007444 0.009092 0.009869 0.007586 0.008929 0.008291 0.007636 0.008714 0.008816 0.007880 0.011928 0.007443 
0.027738 0.017314 0.015611 0.016498 0.015559 0.015762 0.015887 0.015802 0.022251 0.015912 0.015678 0.015805 0.016555 0.015726 0.019052 0.015660 0.015785 0.015565 0.015753 0.016807 0.020113 0.016687 0.015987 0.015811 0.015630 0.016386 0.015588 0.015786 0.017687 0.016664 0.016367 0.015683 0.015991 0.015593 0.017292 0.015732 0.015804 0.015603 0.015615 0.020121 0.015649 0.017484 0.015592 0.015614 0.015582 0.015583 0.016037 0.015694 0.015815 0.016289 0.016266 0.015617 0.015668 0.122247 
0.012350 0.015356 0.009507 0.009327 0.009099 0.008405 0.011975 0.039313 0.017892 0.010632 0.008550 0.011128 0.019973 0.096444 0.010185 0.010615 0.009273 0.009009 0.008790 0.009519 0.010871 0.013768 0.010130 0.008988 0.009647 0.015182 0.008754 0.008982 0.009093 0.009782 0.011466 0.008931 0.009747 0.012904 0.010369 0.008813 0.009878 0.008904 0.008205 0.008933 0.008857 0.018741 0.010673 0.022510 0.020945 0.008519 0.008798 0.010090 0.008914 0.012522 0.008405 0.009107 0.302987 0.008240 
0.028939 0.021046 0.017627 0.021975 0.017551 0.017671 0.018235 0.018373 0.018585 0.018017 0.017796 0.017876 0.017760 0.017780 0.018189 0.017613 0.018016 0.017567 0.017624 0.018276 0.017926 0.018448 0.017753 0.017679 0.017645 0.018693 0.017801 0.017609 0.018362 0.018831 0.017700 0.017626 0.017981 0.017583 0.030432 0.017932 0.017823 0.017673 0.017576 0.017760 0.018126 0.018010 0.017597 0.017794 0.017698 0.018042 0.018433 0.018317 0.017560 0.019842 0.018318 0.017645 0.017723 0.017545 
