0.774097 0.225903 
0.448117 0.551883 

0.298138 0.701862 
0.833999 0.166001 

0.298245 0.701755 
0.834068 0.165932 

0.558245 0.441755 
0.190031 0.809969 

0.166001 0.833999 
0.701862 0.298138 

0.000000 1.000000 
0.001291 0.998709 

0.166001 0.833999 
0.701862 0.298138 

0.582526 0.417474 
0.224151 0.775849 

0.000000 1.000000 
0.002556 0.997444 

0.626431 0.373569 
0.248002 0.751998 

0.298138 0.701862 
0.833999 0.166001 

0.785084 0.214916 
0.416793 0.583207 

0.648563 0.351437 
0.195580 0.804420 

0.298138 0.701862 
0.833999 0.166001 

0.757302 0.242698 
0.433882 0.566118 

0.508191 0.491809 
0.157603 0.842397 

0.166001 0.833999 
0.701862 0.298138 

0.686862 0.313138 
0.360146 0.639854 

0.298138 0.701862 
0.833999 0.166001 

0.581786 0.418214 
0.289654 0.710346 

0.298138 0.701862 
0.833999 0.166001 

0.166001 0.833999 
0.701862 0.298138 

0.166001 0.833999 
0.701862 0.298138 

0.298138 0.701862 
0.833999 0.166001 

0.166001 0.833999 
0.701862 0.298138 

0.166000 0.834000 
0.701860 0.298140 

0.166334 0.833666 
0.702366 0.297634 

0.630093 0.369907 
0.255059 0.744941 

0.298138 0.701862 
0.833999 0.166001 

0.166001 0.833999 
0.701862 0.298138 

0.570777 0.429223 
0.257003 0.742997 

0.489719 0.510281 
0.231430 0.768570 

0.819161 0.180839 
0.439579 0.560421 

0.165999 0.834001 
0.701859 0.298141 

0.801045 0.198955 
0.433358 0.566642 

0.522505 0.477495 
0.263930 0.736070 

0.298138 0.701862 
0.833999 0.166001 

0.166001 0.833999 
0.701862 0.298138 

0.166001 0.833999 
0.701862 0.298138 

0.298138 0.701862 
0.833999 0.166001 

0.755985 0.244015 
0.371189 0.628811 

0.298138 0.701862 
0.833999 0.166001 

0.628885 0.371115 
0.254911 0.745089 

0.166001 0.833999 
0.701862 0.298138 

0.696665 0.303335 
0.393009 0.606991 

0.424452 0.575548 
1.000000 0.000000 

0.719865 0.280135 
0.432781 0.567219 

0.298138 0.701862 
0.833999 0.166001 

0.298138 0.701862 
0.833999 0.166001 

0.629296 0.370704 
0.256085 0.743915 

0.663512 0.336488 
0.305499 0.694501 

0.626626 0.373374 
0.248558 0.751442 

0.759832 0.240168 
0.263209 0.736791 

0.636265 0.363735 
0.313418 0.686582 

0.298138 0.701862 
0.833999 0.166001 

0.166001 0.833999 
0.701862 0.298138 

0.298137 0.701863 
0.833998 0.166002 

0.168426 0.831574 
0.705429 0.294571 

0.298138 0.701862 
0.833999 0.166001 

0.298201 0.701799 
0.834041 0.165959 

0.625236 0.374764 
0.245735 0.754265 

0.166001 0.833999 
0.701862 0.298138 

0.719349 0.280651 
0.426945 0.573055 

0.298138 0.701862 
0.833999 0.166001 

0.165990 0.834010 
0.701845 0.298155 

0.746842 0.253158 
0.370584 0.629416 

0.298132 0.701868 
0.833995 0.166005 

0.298138 0.701862 
0.833999 0.166001 

0.166001 0.833999 
0.701862 0.298138 

0.166001 0.833999 
0.701862 0.298138 

0.519714 0.480286 
0.162598 0.837402 

0.166001 0.833999 
0.701862 0.298138 

0.298138 0.701862 
0.833999 0.166001 

0.166001 0.833999 
0.701862 0.298138 

0.623716 0.376284 
0.242064 0.757936 

0.298138 0.701862 
0.833999 0.166001 

0.166001 0.833999 
0.701862 0.298138 

0.298138 0.701862 
0.833999 0.166001 

0.166001 0.833999 
0.701862 0.298138 

0.298138 0.701862 
0.833999 0.166001 

0.576995 0.423005 
0.207631 0.792369 

0.579556 0.420444 
0.209685 0.790315 

0.298138 0.701862 
0.833999 0.166001 

0.742539 0.257461 
0.370405 0.629595 

0.166037 0.833963 
0.701917 0.298083 

0.298137 0.701863 
0.833998 0.166002 

0.724205 0.275795 
0.341499 0.658501 

0.298138 0.701862 
0.833999 0.166001 

0.669909 0.330091 
0.312479 0.687521 

0.298138 0.701862 
0.833999 0.166001 

0.800567 0.199433 
0.441669 0.558331 

0.986269 0.013731 
1.000000 0.000000 

0.166001 0.833999 
0.701862 0.298138 

0.298138 0.701862 
0.833999 0.166001 

0.298138 0.701862 
0.833999 0.166001 

0.166001 0.833999 
0.701862 0.298138 

0.711669 0.288331 
0.421029 0.578971 

0.298138 0.701862 
0.833999 0.166001 

0.298138 0.701862 
0.833999 0.166001 

0.298138 0.701862 
0.833999 0.166001 

0.298201 0.701799 
0.834041 0.165959 

0.001000 0.025316 0.067066 0.071344 0.001000 0.045496 0.027296 0.088621 0.001000 0.007133 0.003918 0.070646 0.042368 0.135954 0.001000 0.032631 0.001000 0.122608 0.099165 0.085065 0.010505 0.017625 0.030745 0.001941 0.008318 0.001241 
0.179318 0.001000 0.001000 0.008676 0.273564 0.001000 0.015767 0.001000 0.154808 0.001000 0.007327 0.001000 0.001000 0.001000 0.164802 0.013806 0.001000 0.001000 0.014471 0.098320 0.032147 0.001000 0.001000 0.001000 0.022994 0.001000 
