
Z408 ciphertext (homophonic substitution)
 1  2  3  4  5  4  6  7  2  8  9 10 11 12 13 11  7 
14 15 16 17 18 19 20 21  1 22  3 23 24 25 26 19 17 
27 28 19 29  6 30  8 31 26 32 33 34 35 19 36 37 38 
39 40  4  1  2  7  3  9 10 41  6  2 42 10 43 26 44 
 8 29 45 27  5 28 46 47 48 12 20 22 15 14 17 18 19 
23 16 26 18 36  1 24 30 38 21 26 13 49 37 50 39 40 
10 34 33 32 19 20 43  9  1 26 18  7 32 35 39  2  7 
45 46  4  3  2  7 23 13 26 44 22 27  6 29 10 10  8 
51  5 24 26 12 30 38 14 26 25 49 37 45 27 47  1 52 
 7  3 36 10 16 54 11 21 48 34 40 17 44  6 22  8 20 
 5 51 12  9 15 14 30 37 16 33 45 38 43 29 10 21 22 
30  1 36 10 53 32 19 47 48 46 17  4 23 13 28 35 41 
 3 37 27 18 10  6 33  2 45 38 34 15 44 24 22 11 18 
47 30 25 28  8 37  1 49 45 27 43 22 41 38  5 40  3 
50  6 12  8 41  1 52  7 15 14 48 16 15 32 33  9  3 
29 11 39 47 43 42  6 17 21 39 36 50 18  2  2 37 27 
34  8 38 39 51 44  4  1  2  2  5 42 41  3 52  7 15 
12 17 13 26 14 26 53 20 52 18 51 16 23  1 41  1  7 
 2  9 32 37 10  6 51 16 53 46 19 26 53 29 39 26 14 
15  5 17 18 19 24 44 53 32 19 41  1  2 52 45 33 53 
22 25 20  7 13 41 50 13 41 36 46 48 31 45 25 11 26 
53 17 46 52 52 21 17 37  3  9 10 13 35 20  2 18 51 
 5 23 28 32 33 26 53 39 28 30 16 47  7  3 35 14 21 
15 44 13 47  1 14 30 21 26 44 22 27 38 11  6 30  8 


Z408 key
 A  B  C  D  E  F  G  H  I  J  K  L  M  N  O  P  Q  R  S  T  U  V  W  X  Y  Z 
18 15 17 42  5 28 10 27  1     4  2 26  9 13 11    33 20 22 19 51 41 54 53    
39       50 12 35    38  3        7    29 25       47 23 30                   
43          14           6       52    36 32       48 24 37                   
            16           8             40 46          31 45                   
            21                                        49                      
            34                                                                
            44                                                                
                                                                              


Z408 plaintext (A thru Z)
I L I K E K I L L I N G P E O P L 
E B E C A U S E I T I S S O M U C 
H F U N I T I S M O R E F U N T H 
A N K I L L I N G W I L D G A M E 
I N T H E F O R R E S T B E C A U 
S E M A N I S T H E M O S T D A N 
G E R O U S A N I M A L O F A L L 
T O K I L L S O M E T H I N G G I 
V E S M E T H E M O S T T H R I L 
L I N G E X P E R E N C E I T I S 
E V E N B E T T E R T H A N G E T 
T I N G Y O U R R O C K S O F F W 
I T H A G I R L T H E B E S T P A 
R T O F I T I S T H A T W H E N I 
D I E I W I L L B E R E B O R N I 
N P A R A D I C E A N D A L L T H 
E I H A V E K I L L E D W I L L B 
E C O M E M Y S L A V E S I W I L 
L N O T G I V E Y O U M Y N A M E 
B E C A U S E Y O U W I L L T R Y 
T O S L O W D O W N O R S T O P M 
Y C O L L E C T I N G O F S L A V 
E S F O R M Y A F T E R L I F E E 
B E O R I E T E M E T H H P I T I 



Z408 plaintext (0 thru 25)
 8 11  8 10  4 10  8 11 11  8 13  6 15  4 14 15 11 
 4  1  4  2  0 20 18  4  8 19  8 18 18 14 12 20  2 
 7  5 20 13  8 19  8 18 12 14 17  4  5 20 13 19  7 
 0 13 10  8 11 11  8 13  6 22  8 11  3  6  0 12  4 
 8 13 19  7  4  5 14 17 17  4 18 19  1  4  2  0 20 
18  4 12  0 13  8 18 19  7  4 12 14 18 19  3  0 13 
 6  4 17 14 20 18  0 13  8 12  0 11 14  5  0 11 11 
19 14 10  8 11 11 18 14 12  4 19  7  8 13  6  6  8 
21  4 18 12  4 19  7  4 12 14 18 19 19  7 17  8 11 
11  8 13  6  4 23 15  4 17  4 13  2  4  8 19  8 18 
 4 21  4 13  1  4 19 19  4 17 19  7  0 13  6  4 19 
19  8 13  6 24 14 20 17 17 14  2 10 18 14  5  5 22 
 8 19  7  0  6  8 17 11 19  7  4  1  4 18 19 15  0 
17 19 14  5  8 19  8 18 19  7  0 19 22  7  4 13  8 
 3  8  4  8 22  8 11 11  1  4 17  4  1 14 17 13  8 
13 15  0 17  0  3  8  2  4  0 13  3  0 11 11 19  7 
 4  8  7  0 21  4 10  8 11 11  4  3 22  8 11 11  1 
 4  2 14 12  4 12 24 18 11  0 21  4 18  8 22  8 11 
11 13 14 19  6  8 21  4 24 14 20 12 24 13  0 12  4 
 1  4  2  0 20 18  4 24 14 20 22  8 11 11 19 17 24 
19 14 18 11 14 22  3 14 22 13 14 17 18 19 14 15 12 
24  2 14 11 11  4  2 19  8 13  6 14  5 18 11  0 21 
 4 18  5 14 17 12 24  0  5 19  4 17 11  8  5  4  4 
 1  4 14 17  8  4 19  4 12  4 19  7  7 15  8 19  8 



Z408 letter frequencies
 A  B  C  D  E  F  G  H  I  J  K  L  M  N  O  P  Q  R  S  T  U  V  W  X  Y  Z 
23  9 10  7 52 11 12 16 44  0  6 33 16 23 28  7  0 19 23 35 10  6  9  1  8  0 
total = 408


Z408 plaintext
encrypted with simple substitution (Ceasar's cipher)
11 14 11 13  7 13 11 14 14 11 16  9 18  7 17 18 14 
 7  4  7  5  3 23 21  7 11 22 11 21 21 17 15 23  5 
10  8 23 16 11 22 11 21 15 17 20  7  8 23 16 22 10 
 3 16 13 11 14 14 11 16  9 25 11 14  6  9  3 15  7 
11 16 22 10  7  8 17 20 20  7 21 22  4  7  5  3 23 
21  7 15  3 16 11 21 22 10  7 15 17 21 22  6  3 16 
 9  7 20 17 23 21  3 16 11 15  3 14 17  8  3 14 14 
22 17 13 11 14 14 21 17 15  7 22 10 11 16  9  9 11 
24  7 21 15  7 22 10  7 15 17 21 22 22 10 20 11 14 
14 11 16  9  7  0 18  7 20  7 16  5  7 11 22 11 21 
 7 24  7 16  4  7 22 22  7 20 22 10  3 16  9  7 22 
22 11 16  9  1 17 23 20 20 17  5 13 21 17  8  8 25 
11 22 10  3  9 11 20 14 22 10  7  4  7 21 22 18  3 
20 22 17  8 11 22 11 21 22 10  3 22 25 10  7 16 11 
 6 11  7 11 25 11 14 14  4  7 20  7  4 17 20 16 11 
16 18  3 20  3  6 11  5  7  3 16  6  3 14 14 22 10 
 7 11 10  3 24  7 13 11 14 14  7  6 25 11 14 14  4 
 7  5 17 15  7 15  1 21 14  3 24  7 21 11 25 11 14 
14 16 17 22  9 11 24  7  1 17 23 15  1 16  3 15  7 
 4  7  5  3 23 21  7  1 17 23 25 11 14 14 22 20  1 
22 17 21 14 17 25  6 17 25 16 17 20 21 22 17 18 15 
 1  5 17 14 14  7  5 22 11 16  9 17  8 21 14  3 24 
 7 21  8 17 20 15  1  3  8 22  7 20 14 11  8  7  7 
 4  7 17 20 11  7 22  7 15  7 22 10 10 18 11 22 11 



Z408 plaintext
with column perm (11,15,8,4,12,3,9,10,5,13,1,2,0,7,6,14,16)
 6 15 11  4 15 10  8 13 10  4 11  8  8 11  8 14 11 
18 20  8  0 18  2 19  8 20 14  1  4  4  4 18 12  2 
 4 19 12  8  5 13 14 17 19 20  5 20  7 18  8 13  7 
11 12  6 11  3  8 22  8 11  6 13 10  0 13  8  0  4 
19  0 17  4  1  7  4 18  5  4 13 19  8 17 14  2 20 
14  0  7 13 18  0  4 12  8 19  4 12 18 19 18  3 13 
11 11  8 20 14 14 12  0 18  5  4 17  6 13  0  0 11 
 7  6 12 11  8  8  4 19 11 13 14 10 19 14 18  6  8 
19  8 12  4 19 12 14 18 19  7  4 18 21  4  7 17 11 
 2  8 17  4  4  6  4 13 23  8  8 13 11  4 15 19 18 
 7  4  4  1  0 13 17 19  4 13 21  4  4 19 19  6 19 
10  5 17 24 18  6 14  2 14 14  8 13 19 17 20  5 22 
 1 15 19  6  4  0  7  4  8 18 19  7  8 11 17 19  0 
19 13 19  8 22  5  7  0 19  7 19 14 17 18  8  4  8 
 4 13  1 22  1  8  4 17  8 14  8  4  3 11 11 17  8 
 3 19  4  0  0 17  0 13  3 11 15  0 13  2  8 11  7 
 3 11 11 21 22  0 11  4  4  8  8  7  4  8 10 11  1 
 4  8 11  4 18 12  0 21 12  8  2 14  4 18 24 22 11 
12 12 24  6 24 19 14 20  8 13 13 14 11  4 21  0  4 
 8 17 14 20 11  0 20 22 18 11  4  2  1 24  4 19 24 
17 15 22 14 18 11 13 14 22 19 14 18 19 14  3 14 12 
14  0  8 11  5 11 13  6  4 18  2 14 24 19  2 11 21 
17  4  5 17 11 14 19  4 12  8 18  5  4  0 24  5  4 
 7 19 12  8  7 17  4 19  4 15  4 14  1  4 19  8  8 



Z408 simple substitution
with column perm (11,15,8,4,12,3,9,10,5,13,1,2,0,7,6,14,16)
 9 18 14  7 18 13 11 16 13  7 14 11 11 14 11 17 14 
21 23 11  3 21  5 22 11 23 17  4  7  7  7 21 15  5 
 7 22 15 11  8 16 17 20 22 23  8 23 10 21 11 16 10 
14 15  9 14  6 11 25 11 14  9 16 13  3 16 11  3  7 
22  3 20  7  4 10  7 21  8  7 16 22 11 20 17  5 23 
17  3 10 16 21  3  7 15 11 22  7 15 21 22 21  6 16 
14 14 11 23 17 17 15  3 21  8  7 20  9 16  3  3 14 
10  9 15 14 11 11  7 22 14 16 17 13 22 17 21  9 11 
22 11 15  7 22 15 17 21 22 10  7 21 24  7 10 20 14 
 5 11 20  7  7  9  7 16  0 11 11 16 14  7 18 22 21 
10  7  7  4  3 16 20 22  7 16 24  7  7 22 22  9 22 
13  8 20  1 21  9 17  5 17 17 11 16 22 20 23  8 25 
 4 18 22  9  7  3 10  7 11 21 22 10 11 14 20 22  3 
22 16 22 11 25  8 10  3 22 10 22 17 20 21 11  7 11 
 7 16  4 25  4 11  7 20 11 17 11  7  6 14 14 20 11 
 6 22  7  3  3 20  3 16  6 14 18  3 16  5 11 14 10 
 6 14 14 24 25  3 14  7  7 11 11 10  7 11 13 14  4 
 7 11 14  7 21 15  3 24 15 11  5 17  7 21  1 25 14 
15 15  1  9  1 22 17 23 11 16 16 17 14  7 24  3  7 
11 20 17 23 14  3 23 25 21 14  7  5  4  1  7 22  1 
20 18 25 17 21 14 16 17 25 22 17 21 22 17  6 17 15 
17  3 11 14  8 14 16  9  7 21  5 17  1 22  5 14 24 
20  7  8 20 14 17 22  7 15 11 21  8  7  3  1  8  7 
10 22 15 11 10 20  7 22  7 18  7 17  4  7 22 11 11 



Z408 ciphertext (homphonic substition)
with column perm (11,15,8,4,12,3,9,10,5,13,1,2,0,7,6,14,16)
10 11  2  5 11  4  8  9  4 12  2  3  1  7  6 13  7 
23 19  1 18 24 17 22  3 19 25 15 16 14 21 20 26 17 
34 37 26  6 35 29 32 33 30 19 28 19 27 31  8 36 38 
 2 26 10  2 42  1 41  6  7 10 40  4 39  9  3 43 44 
22 18 48  5 15 27 12 20 28 14 29 45  8 47 46 17 19 
13 39 38 36 49 18 21 26  1 37 16 26 23 30 24 50 40 
 7  2  1 19 32 32 26 18 20 35 34 33 10  9 43 39  7 
27 10 26  2  6  3 44 22  7 29 46  4 45 13 23 10  8 
37  1 26 12 45 26 25 49 30 27  5 24 51 14 38 47 52 
17  8 48 16 44 10 34 40 54  6  3 36  7 21 11 22 20 
38 21 16 15 43  9 33 45 14 29 51 12  5 37 30 10 22 
 4 35 48 53 23 10 46 17 32 13  1 36 30 47 19 28 41 
15 11 45 10 44 18 38 34  6 24 37 27  3  2 33 22 18 
22 40 45  8 41 28 27 43 37 38 30 25 47 49  1  5  3 
16  9 15 41 15  8 14 48  1 32  6 12 50  7 52 33  3 
50 37 21 43 18 47 39 36 42  2 11 39 29 17  6  2 27 
42  7  2 51 41 39  2  5 44  3  8 38 34  1  4 52 15 
16  1 52 14 23 26 18 51 26  1 17 13 12 20 53 41  7 
26 26 53 10 53 37 46 19  6 29  9 32  2 16 51 39 14 
 1 33 32 19  2 18 19 41 24 52  5 17 15 53 44 45 53 
48 11 41 13 31  7 36 46 41 45 25 20 22 13 50 25 26 
13 18  3 52 35 52  9 10 21 20 17 46 53 37 17  2 51 
47 14 28 33  7 32 30 16 26  3 23 28  5 39 53 35 21 
27 30 26  1 38 47 44 22 14 11 44 13 15 21 30  6  8 


