-1856.1623028236422
-1759.5878953416664
-1701.2112348705837
-1703.8163074331148
-1721.8035921298738
-1716.093869406402
-1685.7177790599944
-1694.0910408468162
-1695.9112395035659
-1655.0060204760746
-1640.1617339411155
-1655.176819467181
-1613.3237663225484
-1624.0541900413125
-1628.8885416123112
-1635.690811145259
-1645.5111891461456
-1635.64508469876
-1644.7084754066816
-1626.409423283487
-1623.1760608808238
-1624.7445202203219
-1627.6169427505695
-1608.4578019081084
-1615.2123406290918
-1600.918938871251
-1611.655370682431
-1607.7453042721706
-1601.218869427062
-1589.3834411568753
-1586.2692758951273
-1586.711573289059
-1580.0104302302748
-1582.7165053407762
-1578.3852432287792
-1569.2233181059387
-1582.54871633749
-1579.8022181886552
-1584.415633681814
-1560.8562655586877
-1564.9613022950443
-1571.9558652257629
-1578.90682513837
-1573.4232410769496
-1552.9670238970866
-1549.2445681635177
-1566.217640971839
-1572.140045158979
-1546.7444617528545
-1549.8163200616036
-1542.3644870376588
-1555.6178092708128
-1551.8492853012801
-1563.8442038484425
-1566.996995708217
-1566.3628136480118
-1567.736666893519
-1558.3836619181197
-1575.0296357803165
-1570.8478504520433
-1577.4537869111139
-1567.1766340430024
-1576.0575857936392
-1562.8340933151092
-1567.7954643493388
-1565.4803251033147
-1556.683692062902
-1564.053424151629
-1561.1007777700524
-1550.8070526242939
-1544.4117073627215
-1549.1881919566708
-1546.1970105681478
-1547.060184370172
-1537.7941179318627
-1532.3386255375208
-1525.6070860577531
-1531.2926823921482
-1524.6045718030266
-1539.8111379515808
-1541.1422430386813
-1543.3579831058637
-1516.1015077250804
-1506.2479818744225
-1504.6906306994865
-1525.268451204445
-1524.7140975379382
-1509.4691873305985
-1487.6535396155705
-1476.746762427266
-1531.9807546680347
-1533.21868398691
-1522.108192208448
-1507.3148162619586
-1524.7822270072386
-1511.4873552711952
-1507.128326061825
-1518.9710845971663
-1537.8863032546892
-1523.0229757861798
-1529.4167650505565
-1533.5739806263348
-1527.6752036024675
-1522.997101743192
-1545.3065452478925
-1521.547667528857
-1497.6327311523726
-1509.630655993915
-1510.0166736970052
-1511.700290561774
-1519.5670905176862
-1474.3767091442312
-1493.7726247414917
-1479.0469487183252
-1482.7256100026725
-1511.8195666737286
-1506.3952133882497
-1474.220174426189
-1479.3785742306281
-1486.8365476447655
-1482.3632688217583
-1473.3802841202587
-1510.7269643189713
-1499.2091781663748
-1516.4074774729495
-1488.8548639514606
-1491.1288758694661
-1493.7817221820844
-1494.5197621796344
-1489.1804562125203
-1488.4133622839693
-1492.8889468310858
-1506.1877074098963
-1511.4035194875134
-1508.6254053899193
-1518.3883304433994
-1505.9583146003395
-1514.024878598975
-1511.7141642546385
-1504.709404382795
-1502.1980138794515
-1521.1280807916849
-1492.956431284087
-1514.3376486287646
-1504.7280863802243
-1522.6465136661698
-1511.4039157380398
-1479.9997404540095
-1501.1828648792375
-1488.2243141192448
-1493.878102744814
-1481.6901970916076
-1484.4183476944409
-1496.5000724137371
-1497.112669279611
-1492.448966786321
-1486.8257111447385
-1495.8880748407068
-1501.0892119853763
-1500.5822281098463
-1500.4380142877526
-1505.1903555975932
-1501.449655224859
-1501.449655224859
-1490.5606322082465
-1483.695918982526
-1498.2515572811506
-1494.1960967372397
-1488.598352468465
-1489.7694597476348
-1506.171876959334
-1501.2919350189575
-1501.9889776586274
-1512.8741269580994
-1513.8199144153693
-1490.96231903523
-1502.3617453408567
-1507.8421265080842
-1515.3173336582497
-1510.9784166391307
-1513.5999121485802
-1516.461057721744
-1507.5129954605088
-1514.7538533236955
-1513.3187956037698
-1508.4758939923274
-1498.5290848249213
-1506.1432118647037
-1500.2303362666673
-1491.528939277008
-1496.1292524362614
-1508.58417515725
-1511.8905662054094
-1496.8562649892458
-1501.6349853552479
-1498.8699901608522
-1503.3560756457919
-1518.205618337671
-1506.4871553794687
-1504.9841451988582
-1505.5108042163881
-1507.9336138910799
-1513.8841654185017
-1522.0600638947628
-1509.402832961978
-1513.0184464076817
-1516.2827119293063
-1510.443250242219
-1513.589695977697
-1514.7612802130398
-1510.61994973128
-1511.4452321733993
-1497.8065036812436
-1501.7839271416312
-1499.7687742088074
-1495.8862869256823
-1498.1483839882644
-1509.1986850031303
-1509.2895203839414
-1505.9585355475333
-1505.949728389809
-1510.271141676432
-1509.081545200773
-1504.8849887251235
-1512.4045591191277
-1496.758574075894
-1503.1137855983777
-1500.7499609252031
-1501.1870064042496
-1502.747778963963
-1500.293118909977
-1500.293118909977
-1500.293118909977
-1500.733451553495
-1503.0972762266697
-1500.6937466332383
-1504.0692102290745
-1512.3651268930473
-1501.0961710234385
-1501.0961710234385
-1494.299869854858
-1497.5044000807793
-1504.5624536821647
-1492.9307783426123
-1485.814035961525
-1496.6499547466472
-1500.9452604755804
-1498.5226169581078
-1496.6499547466472
-1496.6499547466472
-1497.6615936693086
-1497.6615936693086
-1500.0254183424831
-1499.2700968447473
-1497.6615936693086
-1499.557217797694
-1502.449864230883
-1502.449864230883
-1513.1317211564692
-1515.2075680339408
-1509.0401833904498
-1504.0112320767362
-1497.3941052750404
-1495.0302806018656
-1495.0302806018656
-1494.087714226881
-1490.0903443987668
-1489.8695207145156
-1483.702136071025
-1479.4426872694648
-1486.1363681760229
-1486.1363681760229
-1493.87957444438
-1483.24706192666
-1481.2687940974133
-1485.000993884417
-1485.000993884417
-1479.8270681477952
-1476.9344217146063
-1472.1359864297092
-1469.738991126273
-1467.7806005712134
-1464.224529751402
-1467.6992951908499
-1467.6992951908499
-1469.6576857459097
-1476.9846944669046
-1482.3243711418304
-1476.9846944669046
-1479.3485191400791
-1482.9427109935536
-1478.6467678974043
-1483.8064908574972
-1479.8761362473651
-1478.1023270154212
-1476.557797708426
-1487.1066628631745
-1487.8781849820707
-1480.491806562374
-1480.897240680489
-1487.3096107167437
-1482.9873954885095
-1485.3864871198962
-1488.279133553085
-1493.6585151482675
-1493.9834318930277
-1496.9818303849388
-1496.9818303849388
-1494.5430338332956
-1494.5430338332956
-1494.584370624876
-1495.556304627281
-1495.556304627281
-1490.2089981401061
-1490.2089981401061
-1491.4232412784822
-1491.4232412784822
-1486.7968168492778
-1484.1444474709378
-1493.638136718644
-1492.3509634099423
-1485.155532821609
-1485.155532821609
-1480.4665551034152
-1487.5193574947834
-1485.155532821609
-1499.914192102901
-1503.2205831510605
-1498.191631837347
-1494.9698553411113
-1494.9698553411113
-1491.2925165455788
-1503.2205831510605
-1499.914192102901
-1497.2872211463848
-1497.4536997248588
-1499.8763432423314
-1499.8175243980336
-1499.8763432423314
-1499.9407954068386
-1499.9407954068386
-1496.6344043586791
-1498.998229031854
-1502.3046200800134
-1499.9407954068386
-1499.9391635355146
-1499.9391635355146
-1494.3382787763135
-1503.8162397253773
-1494.0218596504756
-1503.118663077906
-1503.118663077906
-1504.5676097142186
-1502.1070241552445
-1500.7590236621447
-1500.7590236621447
-1501.610882106841
-1498.800633107085
-1498.800633107085
-1498.800633107085
-1498.8403380273417
-1498.8403380273417
-1498.8403380273417
-1501.2041627005162
-1491.6012491400536
-1501.2041627005162
-1498.8403380273417
-1498.8403380273417
-1498.8403380273417
-1501.2041627005162
-1498.8403380273417
-1494.455968530403
-1496.8905791421255
-1505.3641065726893
-1499.3823102482124
-1500.4888423585758
-1505.859228826218
-1506.9657609365813
-1506.9657609365813
-1504.6019362634067
-1506.9657609365813
-1507.8176193812776
-1506.0012793941569
-1506.0012793941569
-1506.0012793941569
-1506.0012793941569
-1506.0012793941569
-1506.0012793941569
-1508.3651040673317
-1505.3304809277993
-1498.0913920405114
-1492.1714965475257
-1483.979888169553
-1491.218977056841
-1489.8196339260908
-1489.8196339260908
-1488.8079950034294
-1491.1718196766042
-1488.8079950034294
-1491.1718196766042
-1491.1718196766042
-1491.1718196766042
-1491.1718196766042
-1488.8079950034294
-1488.8079950034294
-1488.8079950034294
-1481.2884246094254
-1489.82155176072
-1486.8496044483697
-1489.2134291215443
-1485.3779664504086
-1488.8507096516007
-1490.7630310543882
-1488.8507096516007
-1488.8507096516007