14.0 -1424.1196921772942
16.0 -1639.3974452269426
11.0 -1494.9959897553072
5.0 -1564.1583782679918
15.0 -1521.925757743872
11.0 -1599.212538844853
15.0 -1670.302168374985
9.0 -1596.1153132811132
36.0 -1486.7263034409882
39.0 -1428.7740918887314
9.0 -1562.6655454076943
34.0 -1570.0802630447758
27.0 -1706.7433543293744
1.0 -1491.5769888704813
23.0 -1474.8756441396745
12.0 -1672.9063998127071
33.0 -1598.0113907467596
17.0 -1560.6844130223494
8.0 -1514.8728666670759
15.0 -1589.697666217607
17.0 -1614.3487349207821
10.0 -1648.8558503631043
22.0 -1535.1801557473414
15.0 -1514.8022802436376
33.0 -1637.8280723279572
10.0 -1653.5911036343568
17.0 -1632.4517838404008
27.0 -1559.0485663581157
19.0 -1545.2413471796363
10.0 -1586.041859161392
10.0 -1464.1527539409524
19.0 -1583.9139348051954
23.0 -1532.061608710167
10.0 -1684.3049016451448
25.0 -1444.482039539599
6.0 -1516.095733247361
45.0 -1469.5789253243647
21.0 -1711.126375966701
18.0 -1468.809743039786
17.0 -1646.033888826643
42.0 -1486.1420064984336
12.0 -1569.0406561884517
10.0 -1702.598444246421
58.0 -1467.6029239073748
29.0 -1548.379857372573
10.0 -1478.704271413792
18.0 -1540.3804210659737
24.0 -1496.9170651315271
53.0 -1626.8125140969298
55.0 -1425.8514435800082
5.0 -1486.5885875097474
7.0 -1638.5630306369965
5.0 -1562.6725213210266
57.0 -1787.960234724038
6.0 -1562.6434808244871
18.0 -1589.2007495504663
25.0 -1582.332344666473
25.0 -1636.3764901229586
16.0 -1565.000975937253
25.0 -1496.9551809891263
7.0 -1620.5326265147728
23.0 -1477.5942793233805
33.0 -1611.1908021947943
14.0 -1560.7119446631502
9.0 -1570.142582216346
21.0 -1580.8339629460067
29.0 -1556.4758304153734
33.0 -1582.4859503218834
24.0 -1488.6693949437038
17.0 -1591.739108777741
30.0 -1604.2729741609403
21.0 -1504.3337904831553
2.0 -1693.2036679370046
33.0 -1633.6056600929421
4.0 -1737.120054688206
20.0 -1564.47884963532
15.0 -1552.8343781343403
13.0 -1476.0101683796493
19.0 -1664.6795638043372
33.0 -1518.5079638135321
26.0 -1507.454047102845
12.0 -1547.353807753509
20.0 -1533.3221028988703
43.0 -1522.2868715315763
16.0 -1620.411925780131
14.0 -1679.6214531439828
12.0 -1578.2714337636105
14.0 -1545.158080565116
24.0 -1428.1481750685414
7.0 -1488.250221178227
1.0 -1531.280509257276
35.0 -1601.8886603586104
19.0 -1723.8578082820627
18.0 -1447.4650999640783
12.0 -1551.2412045353267
33.0 -1565.1106578115514
23.0 -1624.2814749994575
23.0 -1697.3207400625863
6.0 -1569.1957528116588
3.0 -1565.0048333259272
